run on 100*32^2 image. with 64/32/1 filters 4*4

epoch 87,000, recon_loss/4

Iter: 86750
Loss: 244.726699829
recon_E:[ 220.58932495]
kl_E:[ 5.7604804]
PC_E1:[ 14.06646729]
PC_E2:[ 4.3104248]
()
Iter: 87000
Loss: 332.189697266
recon_E:[ 179.16072083]
kl_E:[ 10.71770287]
PC_E1:[ 7.15808105]
PC_E2:[ 135.15319824]
()