32by32, filter4/4/4



Iter: 8750
Loss: 132.215393066
recon_E:[ 16.18939018]
kl_E:[ 23.85999489]
PC_E1:[ 2.14801025]
PC_E2:[ 90.01800537]
()
Iter: 9000
Loss: 169.274383545
recon_E:[ 13.18417358]
kl_E:[ 30.11730957]
PC_E1:[ 10.98254395]
PC_E2:[ 114.99035645]
()
Iter: 9250
Loss: 161.613052368
recon_E:[ 18.19898987]
kl_E:[ 23.6378212]
PC_E1:[ 4.92407227]
PC_E2:[ 114.85217285]
()